Letter Probabilities:
a: 0.099200
b: 0.022000
c: 0.034800
d: 0.036800
e: 0.100400
f: 0.015200
g: 0.024400
h: 0.028400
i: 0.057200
j: 0.003200
k: 0.028400
l: 0.050000
m: 0.027600
n: 0.048400
o: 0.064000
p: 0.034800
q: 0.001200
r: 0.061200
s: 0.110400
t: 0.050800
u: 0.036400
v: 0.010400
w: 0.016400
x: 0.002800
y: 0.028800
z: 0.006800

Position Probabilities:
a:
0.050000 0.196000 0.100000 0.092000 0.058000 

b:
0.060000 0.010000 0.020000 0.016000 0.004000 

c:
0.088000 0.010000 0.040000 0.020000 0.016000 

d:
0.068000 0.004000 0.032000 0.024000 0.056000 

e:
0.022000 0.144000 0.058000 0.178000 0.100000 

f:
0.042000 0.000000 0.012000 0.020000 0.002000 

g:
0.044000 0.004000 0.036000 0.026000 0.012000 

h:
0.048000 0.036000 0.010000 0.022000 0.026000 

i:
0.014000 0.112000 0.062000 0.078000 0.020000 

j:
0.008000 0.002000 0.000000 0.006000 0.000000 

k:
0.026000 0.008000 0.032000 0.058000 0.018000 

l:
0.044000 0.054000 0.070000 0.044000 0.038000 

m:
0.054000 0.010000 0.034000 0.022000 0.018000 

n:
0.030000 0.028000 0.072000 0.062000 0.050000 

o:
0.028000 0.142000 0.066000 0.064000 0.020000 

p:
0.080000 0.018000 0.030000 0.030000 0.016000 

q:
0.002000 0.004000 0.000000 0.000000 0.000000 

r:
0.046000 0.078000 0.092000 0.038000 0.052000 

s:
0.114000 0.004000 0.048000 0.044000 0.342000 

t:
0.056000 0.018000 0.060000 0.070000 0.050000 

u:
0.010000 0.078000 0.052000 0.038000 0.004000 

v:
0.022000 0.002000 0.016000 0.012000 0.000000 

w:
0.026000 0.016000 0.022000 0.012000 0.006000 

x:
0.000000 0.002000 0.010000 0.000000 0.002000 

y:
0.016000 0.018000 0.020000 0.006000 0.084000 

z:
0.002000 0.002000 0.006000 0.018000 0.006000 
