Letter Probabilities:
a: 0.092113
b: 0.025043
c: 0.031227
d: 0.037715
e: 0.102482
f: 0.017161
g: 0.025356
h: 0.027202
i: 0.058043
j: 0.004505
k: 0.023267
l: 0.051590
m: 0.030354
n: 0.045456
o: 0.068774
p: 0.030965
q: 0.001713
r: 0.064555
s: 0.103007
t: 0.050690
u: 0.038744
v: 0.010813
w: 0.016079
x: 0.004493
y: 0.032065
z: 0.006583

Position Probabilities:
a:
0.056514 0.173801 0.094834 0.082275 0.053148 

b:
0.069775 0.006268 0.025915 0.018784 0.004470 

c:
0.070952 0.013411 0.030253 0.031524 0.009990 

d:
0.053088 0.006336 0.029988 0.035949 0.063209 

e:
0.023614 0.124946 0.067702 0.178859 0.117289 

f:
0.045752 0.001889 0.013608 0.018302 0.006238 

g:
0.049702 0.005956 0.027499 0.032589 0.011053 

h:
0.037254 0.042017 0.009201 0.019576 0.027959 

i:
0.012576 0.106908 0.081405 0.067966 0.021379 

j:
0.015502 0.000860 0.003646 0.002326 0.000206 

k:
0.029220 0.007244 0.021648 0.038171 0.020073 

l:
0.044286 0.053911 0.064652 0.058895 0.036188 

m:
0.052537 0.014400 0.039990 0.031033 0.013785 

n:
0.024698 0.026605 0.074249 0.060726 0.040992 

o:
0.020032 0.162456 0.077332 0.054053 0.029995 

p:
0.065869 0.017706 0.028033 0.032093 0.011142 

q:
0.005985 0.001113 0.001053 0.000152 0.000301 

r:
0.050313 0.072475 0.092614 0.055487 0.051897 

s:
0.120079 0.007222 0.041187 0.040813 0.305746 

t:
0.062684 0.018361 0.047451 0.068885 0.056064 

u:
0.014772 0.091925 0.050839 0.030942 0.005239 

v:
0.019238 0.004009 0.018288 0.012244 0.000288 

w:
0.032193 0.012588 0.021047 0.009786 0.004812 

x:
0.001288 0.004499 0.010332 0.000899 0.005442 

y:
0.014060 0.020839 0.016573 0.008162 0.100696 

z:
0.008015 0.002287 0.010647 0.009542 0.002419 
